#Layer_Color=16711935
#
#Feature symbol names
#
$0 r0.0394

#
#Feature attribute names
#

#
#Layer features
#
L 2.690854 6.56961 2.737982 6.440124 0 P 0
L 2.690854 6.56961 2.868432 6.634244 0 P 0
L 2.737982 6.440124 2.915562 6.504758 0 P 0
L 2.868432 6.634244 2.915562 6.504758 0 P 0
L 3.044436 6.694098 3.068364 6.558396 0 P 0
L 3.044436 6.694098 3.230542 6.726914 0 P 0
L 3.068364 6.558396 3.25447 6.591212 0 P 0
L 3.230542 6.726914 3.25447 6.591212 0 P 0
L 3.351308 6.773638 3.420206 6.654304 0 P 0
L 3.351308 6.773638 3.514966 6.868126 0 P 0
L 3.420206 6.654304 3.583864 6.748792 0 P 0
L 3.514966 6.868126 3.583864 6.748792 0 P 0
L 3.68298 6.943626 3.730108 6.8141399 0 P 0
L 3.68298 6.943626 3.860558 7.00826 0 P 0
L 3.730108 6.8141399 3.907688 6.878774 0 P 0
L 3.860558 7.00826 3.907688 6.878774 0 P 0
L 4.6770265 8.860237 4.6770265 8.895669 0 P 0
L 4.6770265 8.860237 4.7478945 8.860237 0 P 0
L 4.6770265 8.895669 4.7478945 8.895669 0 P 0
L 4.7478945 8.860237 4.7478945 8.895669 0 P 0
L 5.6811016 7.5019693 5.6811016 7.5374013 0 P 0
L 5.6811016 7.5019693 5.7519696 7.5019693 0 P 0
L 5.6811016 7.5374013 5.7519696 7.5374013 0 P 0
L 5.7519696 7.5019693 5.7519696 7.5374013 0 P 0
L 6.0433064 7.5019693 6.0433064 7.5374013 0 P 0
L 6.0433064 7.5019693 6.1141744 7.5019693 0 P 0
L 6.0433064 7.5374013 6.1141744 7.5374013 0 P 0
L 6.1141744 7.5019693 6.1141744 7.5374013 0 P 0
L 6.9173221 8.8877961 6.9173221 8.9232281 0 P 0
L 6.9173221 8.8877961 6.9881901 8.8877961 0 P 0
L 6.9173221 8.9232281 6.9881901 8.9232281 0 P 0
L 6.9881901 8.8877961 6.9881901 8.9232281 0 P 0
L 7.785434 4.117914 7.785434 4.220276 0 P 0
L 7.785434 4.117914 7.883858 4.11811 0 P 0
L 7.785434 4.220276 8.049212 4.220276 0 P 0
L 7.883858 4.059056 7.883858 4.11811 0 P 0
L 7.883858 4.059056 7.968504 4.059056 0 P 0
L 7.968504 4.059056 7.968504 4.117914 0 P 0
L 7.968504 4.117914 8.049212 4.117914 0 P 0
L 8.049212 4.117914 8.049212 4.220276 0 P 0
