#Layer_Color=16711935
#
#Feature symbol names
#
$0 r3.937
$1 r7.874

#
#Feature attribute names
#

#
#Layer features
#
A 5.940945 6.8622049 5.940945 6.8622049 5.92126 6.8622049 0 P 0 N
A 7.6299215 6.4448821 7.6299215 6.4448821 7.6102365 6.4448821 0 P 0 N
A 7.7716537 5.1102364 7.7716537 5.1102364 7.7519687 5.1102364 0 P 0 N
L 2.0718505 4.8337009 2.0718505 5.0687009 1 P 0
L 2.0718505 4.8337009 2.3218505 4.8337009 1 P 0
L 2.0718505 5.0687009 2.3218505 5.0687009 1 P 0
L 2.3218505 4.8337009 2.3218505 5.0687009 1 P 0
L 3.3087009 7.7299609 3.3087009 7.8999609 1 P 0
L 3.3087009 7.7299609 3.4787009 7.7299609 1 P 0
L 3.3087009 7.8999609 3.4787009 7.8999609 1 P 0
L 3.4787009 7.7299609 3.4787009 7.8999609 1 P 0
L 5.251968 3.242126 5.251968 3.285434 0 P 0
L 5.251968 3.242126 5.27559 3.242126 0 P 0
L 5.251968 3.285434 5.27559 3.285434 0 P 0
L 5.27559 3.242126 5.27559 3.285434 0 P 0
L 5.637796 7.135828 5.637796 7.179134 0 P 0
L 5.637796 7.135828 5.661418 7.135828 0 P 0
L 5.637796 7.179134 5.661418 7.179134 0 P 0
L 5.661418 7.135828 5.661418 7.179134 0 P 0
L 5.681102 6.622048 5.681102 6.897638 0 P 0
L 5.681102 6.622048 5.956694 6.622048 0 P 0
L 5.681102 6.897638 5.956694 6.897638 0 P 0
L 5.742126 7.22441 5.742126 7.248032 0 P 0
L 5.742126 7.22441 5.785434 7.22441 0 P 0
L 5.742126 7.248032 5.785434 7.248032 0 P 0
L 5.785434 7.22441 5.785434 7.248032 0 P 0
L 5.874016 7.155512 5.874016 7.19882 0 P 0
L 5.874016 7.155512 5.897638 7.155512 0 P 0
L 5.874016 7.19882 5.897638 7.19882 0 P 0
L 5.897638 7.155512 5.897638 7.19882 0 P 0
L 5.956694 6.622048 5.956694 6.897638 0 P 0
L 5.98819 7.155512 5.98819 7.19882 0 P 0
L 5.98819 7.155512 6.011812 7.155512 0 P 0
L 5.98819 7.19882 6.011812 7.19882 0 P 0
L 6.011812 7.155512 6.011812 7.19882 0 P 0
L 6.405512 3.218504 6.405512 3.261812 0 P 0
L 6.405512 3.218504 6.429134 3.218504 0 P 0
L 6.405512 3.261812 6.429134 3.261812 0 P 0
L 6.429134 3.218504 6.429134 3.261812 0 P 0
L 6.730316 5.03248 6.730316 5.101378 0 P 0
L 6.730316 5.03248 6.844488 5.03248 0 P 0
L 6.730316 5.101378 6.844488 5.101378 0 P 0
L 6.844488 5.03248 6.844488 5.101378 0 P 0
L 7.574804 6.40945 7.574804 6.56693 0 P 0
L 7.574804 6.40945 7.771654 6.40945 0 P 0
L 7.574804 6.56693 7.771654 6.56693 0 P 0
L 7.590552 4.98819 7.590552 5.14567 0 P 0
L 7.590552 4.98819 7.787402 4.98819 0 P 0
L 7.590552 5.14567 7.787402 5.14567 0 P 0
L 7.602362 5.508464 7.602362 5.836024 0 P 0
L 7.602362 5.508464 7.90945 5.508464 0 P 0
L 7.602362 5.836024 7.90945 5.836024 0 P 0
L 7.771654 6.40945 7.771654 6.56693 0 P 0
L 7.787402 4.98819 7.787402 5.14567 0 P 0
L 7.90945 5.508464 7.90945 5.836024 0 P 0
L 8.1866538 7.7457089 8.1866538 7.9157089 1 P 0
L 8.1866538 7.7457089 8.3566538 7.7457089 1 P 0
L 8.1866538 7.9157089 8.3566538 7.9157089 1 P 0
L 8.3566538 7.7457089 8.3566538 7.9157089 1 P 0
L 9.3710633 4.8506301 9.3710633 5.0856301 1 P 0
L 9.3710633 4.8506301 9.6210633 4.8506301 1 P 0
L 9.3710633 5.0856301 9.6210633 5.0856301 1 P 0
L 9.6210633 4.8506301 9.6210633 5.0856301 1 P 0
